1234
5678
999999999999999999999999999999
66666666666666
666666666666666
777777777777777
8888888888888888
777777777777777777
666666666666666666
77777777777777777777
5555555555555555555
444444444444
8888888888888888
55fddddddddddddddddd5555555555555
66666666666666666666666666
77777777777777777777777777
345555555555555555555555555
45555555555555555555555555555555555
15687
3333333333333333
777777777777777777777777777777777777777777777777777
44444444444444444444
55555555555555555555555
888888888888888888888888856666666666666666666666666688666
ddddddddddddddddddddddd
ddddddddddddddddd333333333333333
8787877888888888888888888888888888888888888888888888888888
555555555555555555555555   
ggggggggggggggggggghhhhhhhhhhhhhhhh
hhhhhhhhhhhhhhhhhhhhhhhhhhhhhhhhhhhhhhhhhhhhhhhhhhhhhhhhhhhh
5555555555555555gdfgdsgdgdfgdgdggfd
gsdgdgdgdfgdgdgdfgddgdgdgds
6565656464645646645645654654645645645645645654645645656456456456
gsdgdfgdgdggsdgsdgfsdgsdgsd
sdgdgsdgdgdgdgdsdf
